ID lon lat tempPC_climNA pptPC_climNA bio_1 bio_2 bio_3 bio_4 bio_5 bio_6 bio_7 bio_8 bio_9 bio_10 bio_11 bio_12 bio_13 bio_14 bio_15 bio_16 bio_17 bio_18 bio_19 PPT_sm PPT_sp Tave_sm Tave_sp qscat ndvi_M srtm
606619 -82.525983 36.87043 1.77015444183314 1.77015444183314 10.6999998092651 11.1999998092651 35.4430389404297 764.93017578125 26.3999996185303 -5.19999980926514 31.5999984741211 18.0499992370605 6.5499997138977 19.8999996185303 0.98333328962326 1207 125 82 12.2914381027222 347 267 332 276 344.371378892408 408.396923531489 20.4975911559954 11.0987255385578 -827 9371 904
606621 -82.525983 36.87043 1.77015444183314 1.77015444183314 10.6999998092651 11.1999998092651 35.4430389404297 764.93017578125 26.3999996185303 -5.19999980926514 31.5999984741211 18.0499992370605 6.5499997138977 19.8999996185303 0.98333328962326 1207 125 82 12.2914381027222 347 267 332 276 344.371378892408 408.396923531489 20.4975911559954 11.0987255385578 -827 9371 904
606622 -82.525983 36.87043 1.77015444183314 1.77015444183314 10.6999998092651 11.1999998092651 35.4430389404297 764.93017578125 26.3999996185303 -5.19999980926514 31.5999984741211 18.0499992370605 6.5499997138977 19.8999996185303 0.98333328962326 1207 125 82 12.2914381027222 347 267 332 276 344.371378892408 408.396923531489 20.4975911559954 11.0987255385578 -827 9371 904
606623 -80.57508 37.37291 1.77015444183314 1.77015444183314 9.5416669845581 11.4833335876465 35.662525177002 779.795532226562 25.6000003814697 -6.59999990463257 32.2000007629395 17.0666675567627 -0.333333253860474 18.8833332061768 -0.333333253860474 1070 107 74 11.7164993286133 303 228 288 228 309.772937589191 318.183458305728 19.5227482803117 9.09103485691628 -862 9236 1016
606627 -80.57508 37.37291 1.77015444183314 1.77015444183314 9.5416669845581 11.4833335876465 35.662525177002 779.795532226562 25.6000003814697 -6.59999990463257 32.2000007629395 17.0666675567627 -0.333333253860474 18.8833332061768 -0.333333253860474 1070 107 74 11.7164993286133 303 228 288 228 309.772937589191 318.183458305728 19.5227482803117 9.09103485691628 -862 9236 1016
606633 -82.542415 36.879225 1.77015444183314 1.77015444183314 10.5958337783813 11.0749998092651 35.1587295532227 766.308959960938 26.2000007629395 -5.30000019073486 31.5 17.9500007629395 6.48333311080933 19.7999992370605 0.866666674613953 1212 125 82 12.2022037506104 348 268 333 278 351.138801836173 401.374640799526 20.3776723126668 10.9965302098339 -826 9746 916
606634 -82.542415 36.879225 1.77015444183314 1.77015444183314 10.5958337783813 11.0749998092651 35.1587295532227 766.308959960938 26.2000007629395 -5.30000019073486 31.5 17.9500007629395 6.48333311080933 19.7999992370605 0.866666674613953 1212 125 82 12.2022037506104 348 268 333 278 351.138801836173 401.374640799526 20.3776723126668 10.9965302098339 -826 9746 916
606637 -80.57508 37.37291 1.77015444183314 1.77015444183314 9.5416669845581 11.4833335876465 35.662525177002 779.795532226562 25.6000003814697 -6.59999990463257 32.2000007629395 17.0666675567627 -0.333333253860474 18.8833332061768 -0.333333253860474 1070 107 74 11.7164993286133 303 228 288 228 309.772937589191 318.183458305728 19.5227482803117 9.09103485691628 -862 9236 1016
606639 -82.574 36.879 1.77015444183314 1.77015444183314 10.4333333969116 10.9833335876465 34.9787673950195 765.2490234375 26 -5.40000009536743 31.3999996185303 17.7666664123535 6.34999990463257 19.6166667938232 0.716666758060455 1223 125 83 12.0754680633545 351 272 335 280 358.103650810824 410.021111330992 20.2684099999984 10.8684103814681 -823 9254 948
606641 -82.574 36.879 1.77015444183314 1.77015444183314 10.4333333969116 10.9833335876465 34.9787673950195 765.2490234375 26 -5.40000009536743 31.3999996185303 17.7666664123535 6.34999990463257 19.6166667938232 0.716666758060455 1223 125 83 12.0754680633545 351 272 335 280 358.103650810824 410.021111330992 20.2684099999984 10.8684103814681 -823 9254 948
606642 -82.525983 36.87043 1.77015444183314 1.77015444183314 10.6999998092651 11.1999998092651 35.4430389404297 764.93017578125 26.3999996185303 -5.19999980926514 31.5999984741211 18.0499992370605 6.5499997138977 19.8999996185303 0.98333328962326 1207 125 82 12.2914381027222 347 267 332 276 344.371378892408 408.396923531489 20.4975911559954 11.0987255385578 -827 9371 904
606643 -82.525983 36.87043 1.77015444183314 1.77015444183314 10.6999998092651 11.1999998092651 35.4430389404297 764.93017578125 26.3999996185303 -5.19999980926514 31.5999984741211 18.0499992370605 6.5499997138977 19.8999996185303 0.98333328962326 1207 125 82 12.2914381027222 347 267 332 276 344.371378892408 408.396923531489 20.4975911559954 11.0987255385578 -827 9371 904
606647 -80.57508 37.37291 1.77015444183314 1.77015444183314 9.5416669845581 11.4833335876465 35.662525177002 779.795532226562 25.6000003814697 -6.59999990463257 32.2000007629395 17.0666675567627 -0.333333253860474 18.8833332061768 -0.333333253860474 1070 107 74 11.7164993286133 303 228 288 228 309.772937589191 318.183458305728 19.5227482803117 9.09103485691628 -862 9236 1016
606654 -80.57508 37.37291 1.77015444183314 1.77015444183314 9.5416669845581 11.4833335876465 35.662525177002 779.795532226562 25.6000003814697 -6.59999990463257 32.2000007629395 17.0666675567627 -0.333333253860474 18.8833332061768 -0.333333253860474 1070 107 74 11.7164993286133 303 228 288 228 309.772937589191 318.183458305728 19.5227482803117 9.09103485691628 -862 9236 1016
606655 -82.525983 36.87043 1.77015444183314 1.77015444183314 10.6999998092651 11.1999998092651 35.4430389404297 764.93017578125 26.3999996185303 -5.19999980926514 31.5999984741211 18.0499992370605 6.5499997138977 19.8999996185303 0.98333328962326 1207 125 82 12.2914381027222 347 267 332 276 344.371378892408 408.396923531489 20.4975911559954 11.0987255385578 -827 9371 904
606656 -82.525983 36.87043 1.77015444183314 1.77015444183314 10.6999998092651 11.1999998092651 35.4430389404297 764.93017578125 26.3999996185303 -5.19999980926514 31.5999984741211 18.0499992370605 6.5499997138977 19.8999996185303 0.98333328962326 1207 125 82 12.2914381027222 347 267 332 276 344.371378892408 408.396923531489 20.4975911559954 11.0987255385578 -827 9371 904
606657 -82.525983 36.87043 1.77015444183314 1.77015444183314 10.6999998092651 11.1999998092651 35.4430389404297 764.93017578125 26.3999996185303 -5.19999980926514 31.5999984741211 18.0499992370605 6.5499997138977 19.8999996185303 0.98333328962326 1207 125 82 12.2914381027222 347 267 332 276 344.371378892408 408.396923531489 20.4975911559954 11.0987255385578 -827 9371 904
606662 -80.57508 37.37291 1.77015444183314 1.77015444183314 9.5416669845581 11.4833335876465 35.662525177002 779.795532226562 25.6000003814697 -6.59999990463257 32.2000007629395 17.0666675567627 -0.333333253860474 18.8833332061768 -0.333333253860474 1070 107 74 11.7164993286133 303 228 288 228 309.772937589191 318.183458305728 19.5227482803117 9.09103485691628 -862 9236 1016
606663 -80.57508 37.37291 1.77015444183314 1.77015444183314 9.5416669845581 11.4833335876465 35.662525177002 779.795532226562 25.6000003814697 -6.59999990463257 32.2000007629395 17.0666675567627 -0.333333253860474 18.8833332061768 -0.333333253860474 1070 107 74 11.7164993286133 303 228 288 228 309.772937589191 318.183458305728 19.5227482803117 9.09103485691628 -862 9236 1016
606673 -80.5834224 38.3614987 1.77015444183314 1.77015444183314 10.1666669845581 12.8333330154419 36.9836692810059 832.158569335938 27.2999992370605 -7.40000009536743 34.7000007629395 18.2333335876465 -0.450000047683716 20.1166667938232 -0.450000047683716 1314 152 87 16.2598571777344 396 281 392 281 404.814403570612 370.047566596972 20.16961493987 9.77437104550781 -825 8268 664
606674 -80.5834224 38.3614987 1.77015444183314 1.77015444183314 10.1666669845581 12.8333330154419 36.9836692810059 832.158569335938 27.2999992370605 -7.40000009536743 34.7000007629395 18.2333335876465 -0.450000047683716 20.1166667938232 -0.450000047683716 1314 152 87 16.2598571777344 396 281 392 281 404.814403570612 370.047566596972 20.16961493987 9.77437104550781 -825 8268 664
606675 -80.5834224 38.3614987 1.77015444183314 1.77015444183314 10.1666669845581 12.8333330154419 36.9836692810059 832.158569335938 27.2999992370605 -7.40000009536743 34.7000007629395 18.2333335876465 -0.450000047683716 20.1166667938232 -0.450000047683716 1314 152 87 16.2598571777344 396 281 392 281 404.814403570612 370.047566596972 20.16961493987 9.77437104550781 -825 8268 664
606681 -79.88203 38.63488 1.77015444183314 1.77015444183314 7.6749997138977 11.1333332061768 33.9430885314941 806.227172851562 23.8999996185303 -8.89999961853027 32.7999992370605 15.4666662216187 -2.43333339691162 17.3333339691162 -2.43333339691162 1318 132 97 9.524001121521 371 304 350 304 409.202135839993 382.11558311117 16.5542162557796 5.90562125690485 -893 9107 1139
606682 -79.88203 38.63488 1.77015444183314 1.77015444183314 7.6749997138977 11.1333332061768 33.9430885314941 806.227172851562 23.8999996185303 -8.89999961853027 32.7999992370605 15.4666662216187 -2.43333339691162 17.3333339691162 -2.43333339691162 1318 132 97 9.524001121521 371 304 350 304 409.202135839993 382.11558311117 16.5542162557796 5.90562125690485 -893 9107 1139
606683 -79.88203 38.63488 1.77015444183314 1.77015444183314 7.6749997138977 11.1333332061768 33.9430885314941 806.227172851562 23.8999996185303 -8.89999961853027 32.7999992370605 15.4666662216187 -2.43333339691162 17.3333339691162 -2.43333339691162 1318 132 97 9.524001121521 371 304 350 304 409.202135839993 382.11558311117 16.5542162557796 5.90562125690485 -893 9107 1139
606684 -79.88203 38.63488 1.77015444183314 1.77015444183314 7.6749997138977 11.1333332061768 33.9430885314941 806.227172851562 23.8999996185303 -8.89999961853027 32.7999992370605 15.4666662216187 -2.43333339691162 17.3333339691162 -2.43333339691162 1318 132 97 9.524001121521 371 304 350 304 409.202135839993 382.11558311117 16.5542162557796 5.90562125690485 -893 9107 1139
606690 -79.88203 38.63488 1.77015444183314 1.77015444183314 7.6749997138977 11.1333332061768 33.9430885314941 806.227172851562 23.8999996185303 -8.89999961853027 32.7999992370605 15.4666662216187 -2.43333339691162 17.3333339691162 -2.43333339691162 1318 132 97 9.524001121521 371 304 350 304 409.202135839993 382.11558311117 16.5542162557796 5.90562125690485 -893 9107 1139
606695 -79.88203 38.63488 1.77015444183314 1.77015444183314 7.6749997138977 11.1333332061768 33.9430885314941 806.227172851562 23.8999996185303 -8.89999961853027 32.7999992370605 15.4666662216187 -2.43333339691162 17.3333339691162 -2.43333339691162 1318 132 97 9.524001121521 371 304 350 304 409.202135839993 382.11558311117 16.5542162557796 5.90562125690485 -893 9107 1139
606696 -79.88203 38.63488 1.77015444183314 1.77015444183314 7.6749997138977 11.1333332061768 33.9430885314941 806.227172851562 23.8999996185303 -8.89999961853027 32.7999992370605 15.4666662216187 -2.43333339691162 17.3333339691162 -2.43333339691162 1318 132 97 9.524001121521 371 304 350 304 409.202135839993 382.11558311117 16.5542162557796 5.90562125690485 -893 9107 1139
606697 -80.5834224 38.3614987 1.77015444183314 1.77015444183314 10.1666669845581 12.8333330154419 36.9836692810059 832.158569335938 27.2999992370605 -7.40000009536743 34.7000007629395 18.2333335876465 -0.450000047683716 20.1166667938232 -0.450000047683716 1314 152 87 16.2598571777344 396 281 392 281 404.814403570612 370.047566596972 20.16961493987 9.77437104550781 -825 8268 664
606698 -80.5834224 38.3614987 1.77015444183314 1.77015444183314 10.1666669845581 12.8333330154419 36.9836692810059 832.158569335938 27.2999992370605 -7.40000009536743 34.7000007629395 18.2333335876465 -0.450000047683716 20.1166667938232 -0.450000047683716 1314 152 87 16.2598571777344 396 281 392 281 404.814403570612 370.047566596972 20.16961493987 9.77437104550781 -825 8268 664
606699 -80.5834224 38.3614987 1.77015444183314 1.77015444183314 10.1666669845581 12.8333330154419 36.9836692810059 832.158569335938 27.2999992370605 -7.40000009536743 34.7000007629395 18.2333335876465 -0.450000047683716 20.1166667938232 -0.450000047683716 1314 152 87 16.2598571777344 396 281 392 281 404.814403570612 370.047566596972 20.16961493987 9.77437104550781 -825 8268 664
606700 -80.5834224 38.3614987 1.77015444183314 1.77015444183314 10.1666669845581 12.8333330154419 36.9836692810059 832.158569335938 27.2999992370605 -7.40000009536743 34.7000007629395 18.2333335876465 -0.450000047683716 20.1166667938232 -0.450000047683716 1314 152 87 16.2598571777344 396 281 392 281 404.814403570612 370.047566596972 20.16961493987 9.77437104550781 -825 8268 664
608313 -78.0898 40.92719 1.77015444183314 1.77015444183314 8.04583358764648 10.9083337783813 31.0778732299805 903.952087402344 25.8999996185303 -9.19999980926514 35.0999984741211 16.8333339691162 -3.43333339691162 18.8333339691162 -3.43333339691162 1062 116 68 15.9762687683105 321 215 310 215 317.896354527762 260.044506924402 18.5977750267606 7.19777446516729 -911 8921 634
608314 -78.05871 40.86828 1.77015444183314 1.77015444183314 8.15416622161865 10.7750005722046 31.0518741607666 901.16455078125 25.8999996185303 -8.80000019073486 34.7000007629395 16.8999996185303 -3.2666666507721 18.9166660308838 -3.2666666507721 1057 115 68 15.5872316360474 318 215 306 215 312.30829787238 263.81509681217 18.8036197366483 7.38404015635635 -880 8956 621
608321 -78.05871 40.86828 1.77015444183314 1.77015444183314 8.15416622161865 10.7750005722046 31.0518741607666 901.16455078125 25.8999996185303 -8.80000019073486 34.7000007629395 16.8999996185303 -3.2666666507721 18.9166660308838 -3.2666666507721 1057 115 68 15.5872316360474 318 215 306 215 312.30829787238 263.81509681217 18.8036197366483 7.38404015635635 -880 8956 621
608323 -78.14433 40.83079 1.77015444183314 1.77015444183314 7.89583349227905 10.625 30.7080917358398 901.237670898438 25.5 -9.10000038146973 34.5999984741211 16.6333332061768 -3.56666660308838 18.6000003814697 -3.56666660308838 1072 115 70 15.2834119796753 322 219 309 219 318.362247371755 271.285165000353 18.3292959081619 7.01464826570223 -899 8856 695
608325 -78.14433 40.83079 1.77015444183314 1.77015444183314 7.89583349227905 10.625 30.7080917358398 901.237670898438 25.5 -9.10000038146973 34.5999984741211 16.6333332061768 -3.56666660308838 18.6000003814697 -3.56666660308838 1072 115 70 15.2834119796753 322 219 309 219 318.362247371755 271.285165000353 18.3292959081619 7.01464826570223 -899 8856 695
608326 -78.14433 40.83079 1.77015444183314 1.77015444183314 7.89583349227905 10.625 30.7080917358398 901.237670898438 25.5 -9.10000038146973 34.5999984741211 16.6333332061768 -3.56666660308838 18.6000003814697 -3.56666660308838 1072 115 70 15.2834119796753 322 219 309 219 318.362247371755 271.285165000353 18.3292959081619 7.01464826570223 -899 8856 695
608328 -78.14412 40.83201 1.77015444183314 1.77015444183314 7.89583349227905 10.625 30.7080917358398 901.237670898438 25.5 -9.10000038146973 34.5999984741211 16.6333332061768 -3.56666660308838 18.6000003814697 -3.56666660308838 1072 115 70 15.2834119796753 322 219 309 219 318.187827741971 271.069837346701 18.348475060738 7.02423779626378 -899 8856 695
608329 -78.14412 40.83201 1.77015444183314 1.77015444183314 7.89583349227905 10.625 30.7080917358398 901.237670898438 25.5 -9.10000038146973 34.5999984741211 16.6333332061768 -3.56666660308838 18.6000003814697 -3.56666660308838 1072 115 70 15.2834119796753 322 219 309 219 318.187827741971 271.069837346701 18.348475060738 7.02423779626378 -899 8856 695
608330 -78.12391 40.91309 1.77015444183314 1.77015444183314 8.19583320617676 11.0416669845581 31.4577388763428 906.074096679688 26.1000003814697 -9 35.0999984741211 17 -3.31666660308838 19.0166664123535 -3.31666660308838 1058 115 68 15.8085880279541 319 215 308 215 315.289521476744 257.615289129267 18.93123631479 7.35181245011177 -921 8953 602
608331 -78.12391 40.91309 1.77015444183314 1.77015444183314 8.19583320617676 11.0416669845581 31.4577388763428 906.074096679688 26.1000003814697 -9 35.0999984741211 17 -3.31666660308838 19.0166664123535 -3.31666660308838 1058 115 68 15.8085880279541 319 215 308 215 315.289521476744 257.615289129267 18.93123631479 7.35181245011177 -921 8953 602
608335 -77.7767117 41.7220797 1.77015444183314 1.77015444183314 7.11250019073486 11.9250001907349 32.4048919677734 924.723876953125 25.8999996185303 -10.8999996185303 36.7999992370605 16.1166667938232 -3.61666655540466 18.1666660308838 -4.63333320617676 996 120 58 21.1806240081787 316 191 314 191 317.114882079636 266.765453866127 18.5150934072709 6.58454702362828 -927 9007 583
608336 -77.75484 41.72457 1.77015444183314 1.77015444183314 7.26666688919067 11.9833335876465 32.4751586914062 924.925903320312 26.1000003814697 -10.8000001907349 36.9000015258789 16.2666664123535 -4.48333358764648 18.3333339691162 -4.48333358764648 995 119 57 20.9410228729248 315 190 312 190 318.646415067885 269.010614836104 18.4714755803372 6.53573781049212 -929 9025 543
608338 -77.7767117 41.7220797 1.77015444183314 1.77015444183314 7.11250019073486 11.9250001907349 32.4048919677734 924.723876953125 25.8999996185303 -10.8999996185303 36.7999992370605 16.1166667938232 -3.61666655540466 18.1666660308838 -4.63333320617676 996 120 58 21.1806240081787 316 191 314 191 317.114882079636 266.765453866127 18.5150934072709 6.58454702362828 -927 9007 583
608340 -77.7767117 41.7220797 1.77015444183314 1.77015444183314 7.11250019073486 11.9250001907349 32.4048919677734 924.723876953125 25.8999996185303 -10.8999996185303 36.7999992370605 16.1166667938232 -3.61666655540466 18.1666660308838 -4.63333320617676 996 120 58 21.1806240081787 316 191 314 191 317.114882079636 266.765453866127 18.5150934072709 6.58454702362828 -927 9007 583
608346 -77.7767117 41.7220797 1.77015444183314 1.77015444183314 7.11250019073486 11.9250001907349 32.4048919677734 924.723876953125 25.8999996185303 -10.8999996185303 36.7999992370605 16.1166667938232 -3.61666655540466 18.1666660308838 -4.63333320617676 996 120 58 21.1806240081787 316 191 314 191 317.114882079636 266.765453866127 18.5150934072709 6.58454702362828 -927 9007 583
608347 -77.7767117 41.7220797 1.77015444183314 1.77015444183314 7.11250019073486 11.9250001907349 32.4048919677734 924.723876953125 25.8999996185303 -10.8999996185303 36.7999992370605 16.1166667938232 -3.61666655540466 18.1666660308838 -4.63333320617676 996 120 58 21.1806240081787 316 191 314 191 317.114882079636 266.765453866127 18.5150934072709 6.58454702362828 -927 9007 583
608348 -77.7767117 41.7220797 1.77015444183314 1.77015444183314 7.11250019073486 11.9250001907349 32.4048919677734 924.723876953125 25.8999996185303 -10.8999996185303 36.7999992370605 16.1166667938232 -3.61666655540466 18.1666660308838 -4.63333320617676 996 120 58 21.1806240081787 316 191 314 191 317.114882079636 266.765453866127 18.5150934072709 6.58454702362828 -927 9007 583
608350 -77.7767117 41.7220797 1.77015444183314 1.77015444183314 7.11250019073486 11.9250001907349 32.4048919677734 924.723876953125 25.8999996185303 -10.8999996185303 36.7999992370605 16.1166667938232 -3.61666655540466 18.1666660308838 -4.63333320617676 996 120 58 21.1806240081787 316 191 314 191 317.114882079636 266.765453866127 18.5150934072709 6.58454702362828 -927 9007 583
608370 -74.5396005 41.90287 1.77015444183314 1.77015444183314 5.53749990463257 10.2250003814697 28.9660053253174 927.692932128906 22.8999996185303 -12.3999996185303 35.2999992370605 10.0166664123535 -5.40000009536743 16.5 -6.19999980926514 1397 135 96 9.72040557861328 381 309 359 311 374.903724346721 345.914939370915 17.1214277858053 5.08811227809564 -921 9110 877
608371 -74.5396005 41.90287 1.77015444183314 1.77015444183314 5.53749990463257 10.2250003814697 28.9660053253174 927.692932128906 22.8999996185303 -12.3999996185303 35.2999992370605 10.0166664123535 -5.40000009536743 16.5 -6.19999980926514 1397 135 96 9.72040557861328 381 309 359 311 374.903724346721 345.914939370915 17.1214277858053 5.08811227809564 -921 9110 877
608372 -74.5396005 41.90287 1.77015444183314 1.77015444183314 5.53749990463257 10.2250003814697 28.9660053253174 927.692932128906 22.8999996185303 -12.3999996185303 35.2999992370605 10.0166664123535 -5.40000009536743 16.5 -6.19999980926514 1397 135 96 9.72040557861328 381 309 359 311 374.903724346721 345.914939370915 17.1214277858053 5.08811227809564 -921 9110 877
608373 -74.5396005 41.90287 1.77015444183314 1.77015444183314 5.53749990463257 10.2250003814697 28.9660053253174 927.692932128906 22.8999996185303 -12.3999996185303 35.2999992370605 10.0166664123535 -5.40000009536743 16.5 -6.19999980926514 1397 135 96 9.72040557861328 381 309 359 311 374.903724346721 345.914939370915 17.1214277858053 5.08811227809564 -921 9110 877
608374 -74.5396005 41.90287 1.77015444183314 1.77015444183314 5.53749990463257 10.2250003814697 28.9660053253174 927.692932128906 22.8999996185303 -12.3999996185303 35.2999992370605 10.0166664123535 -5.40000009536743 16.5 -6.19999980926514 1397 135 96 9.72040557861328 381 309 359 311 374.903724346721 345.914939370915 17.1214277858053 5.08811227809564 -921 9110 877
608375 -74.5396005 41.90287 1.77015444183314 1.77015444183314 5.53749990463257 10.2250003814697 28.9660053253174 927.692932128906 22.8999996185303 -12.3999996185303 35.2999992370605 10.0166664123535 -5.40000009536743 16.5 -6.19999980926514 1397 135 96 9.72040557861328 381 309 359 311 374.903724346721 345.914939370915 17.1214277858053 5.08811227809564 -921 9110 877
608376 -74.5396005 41.90287 1.77015444183314 1.77015444183314 5.53749990463257 10.2250003814697 28.9660053253174 927.692932128906 22.8999996185303 -12.3999996185303 35.2999992370605 10.0166664123535 -5.40000009536743 16.5 -6.19999980926514 1397 135 96 9.72040557861328 381 309 359 311 374.903724346721 345.914939370915 17.1214277858053 5.08811227809564 -921 9110 877
608377 -74.5396005 41.90287 1.77015444183314 1.77015444183314 5.53749990463257 10.2250003814697 28.9660053253174 927.692932128906 22.8999996185303 -12.3999996185303 35.2999992370605 10.0166664123535 -5.40000009536743 16.5 -6.19999980926514 1397 135 96 9.72040557861328 381 309 359 311 374.903724346721 345.914939370915 17.1214277858053 5.08811227809564 -921 9110 877
608378 -74.5396005 41.90287 1.77015444183314 1.77015444183314 5.53749990463257 10.2250003814697 28.9660053253174 927.692932128906 22.8999996185303 -12.3999996185303 35.2999992370605 10.0166664123535 -5.40000009536743 16.5 -6.19999980926514 1397 135 96 9.72040557861328 381 309 359 311 374.903724346721 345.914939370915 17.1214277858053 5.08811227809564 -921 9110 877
608379 -74.5396005 41.90287 1.77015444183314 1.77015444183314 5.53749990463257 10.2250003814697 28.9660053253174 927.692932128906 22.8999996185303 -12.3999996185303 35.2999992370605 10.0166664123535 -5.40000009536743 16.5 -6.19999980926514 1397 135 96 9.72040557861328 381 309 359 311 374.903724346721 345.914939370915 17.1214277858053 5.08811227809564 -921 9110 877
608406 -74.4540282 43.4890471 1.77015444183314 1.77015444183314 5.04583311080933 11.7749996185303 29.5112781524658 1012.59222412109 24.2999992370605 -15.6000003814697 39.9000015258789 6.8333330154419 -6.81666660308838 17.0666675567627 -7.83333349227905 1288 124 82 10.4681177139282 354 281 330 290 335.631186183879 317.639109274974 17.1992084508075 4.39920778701353 -961 8658 524
608409 -74.4540282 43.4890471 1.77015444183314 1.77015444183314 5.04583311080933 11.7749996185303 29.5112781524658 1012.59222412109 24.2999992370605 -15.6000003814697 39.9000015258789 6.8333330154419 -6.81666660308838 17.0666675567627 -7.83333349227905 1288 124 82 10.4681177139282 354 281 330 290 335.631186183879 317.639109274974 17.1992084508075 4.39920778701353 -961 8658 524
608411 -74.7798908 43.708677 1.77015444183314 1.77015444183314 4.35833311080933 11.8333330154419 29.4361515045166 1024.79455566406 23.7000007629395 -16.5 40.2000007629395 15.5666666030884 -3.16666674613953 16.4333343505859 -8.73333358764648 1305 125 81 11.5980091094971 361 279 346 293 333.06243517035 268.21515860568 16.6468788017785 3.74687824445964 -963 9014 642
608417 -74.7798908 43.708677 1.77015444183314 1.77015444183314 4.35833311080933 11.8333330154419 29.4361515045166 1024.79455566406 23.7000007629395 -16.5 40.2000007629395 15.5666666030884 -3.16666674613953 16.4333343505859 -8.73333358764648 1305 125 81 11.5980091094971 361 279 346 293 333.06243517035 268.21515860568 16.6468788017785 3.74687824445964 -963 9014 642
608419 -74.75517 43.71678 1.77015444183314 1.77015444183314 4.10416650772095 11.6916666030884 29.2291660308838 1025.37231445312 23.2999992370605 -16.7000007629395 40 15.3166666030884 -3.4833333492279 16.1499996185303 -8.98333358764648 1311 126 81 12.0773096084595 364 276 349 295 334.043391916519 268.419879493405 16.5956609292659 3.6828682113674 -974 8933 716
608426 -74.7388276 43.6333221 1.77015444183314 1.77015444183314 4.20833349227905 11.7166662216187 29.3650798797607 1018.10394287109 23.3999996185303 -16.5 39.9000015258789 6.18333339691162 -7.78333330154419 16.2000007629395 -8.78333377838135 1335 129 84 11.1665906906128 366 288 351 302 346.886130586079 290.807858398485 16.3930502664218 3.52521944923896 -958 8985 685
608427 -74.6857839 43.6310659 1.77015444183314 1.77015444183314 3.84999990463257 11.5500001907349 29.1666660308838 1016.20953369141 22.8999996185303 -16.7000007629395 39.5999984741211 5.83333349227905 -3.63333320617676 15.8333330154419 -9.08333396911621 1345 129 84 11.0607604980469 367 288 356 304 361.438046853977 305.638525744818 16.4005587583416 3.60055911894352 -950 8658 775
608428 -74.6857839 43.6310659 1.77015444183314 1.77015444183314 3.84999990463257 11.5500001907349 29.1666660308838 1016.20953369141 22.8999996185303 -16.7000007629395 39.5999984741211 5.83333349227905 -3.63333320617676 15.8333330154419 -9.08333396911621 1345 129 84 11.0607604980469 367 288 356 304 361.438046853977 305.638525744818 16.4005587583416 3.60055911894352 -950 8658 775
608568 -79.41061 39.03255 1.77015444183314 1.77015444183314 7.60416650772095 11.375 34.1591606140137 829.836975097656 24.2999992370605 -9 33.2999992370605 15.6000003814697 -2.90000009536743 17.5166664123535 -2.90000009536743 1204 121 83 11.4415922164917 348 260 335 260 388.490032645424 378.395946107984 17.214054239552 6.81173127385868 -950 8925 1076
608573 -79.41061 39.03255 1.77015444183314 1.77015444183314 7.60416650772095 11.375 34.1591606140137 829.836975097656 24.2999992370605 -9 33.2999992370605 15.6000003814697 -2.90000009536743 17.5166664123535 -2.90000009536743 1204 121 83 11.4415922164917 348 260 335 260 388.490032645424 378.395946107984 17.214054239552 6.81173127385868 -950 8925 1076
608575 -79.51135 39.06175 1.77015444183314 1.77015444183314 7.69583320617676 11.1083335876465 33.6616134643555 817.308410644531 24.2000007629395 -8.80000019073486 33 15.5666666030884 -2.60000014305115 17.5 -2.60000014305115 1236 125 86 11.5675621032715 359 270 345 270 410.273461707575 393.849756548622 17.4211226205259 6.82112285303056 -898 9066 1069
608576 -79.53341 39.06243 1.77015444183314 1.77015444183314 8.05000019073486 11.4166669845581 34.2842826843262 819.470458984375 24.7000007629395 -8.60000038146973 33.3000030517578 15.9499998092651 -2.30000019073486 17.8666667938232 -2.30000019073486 1223 126 84 12.4533729553223 359 266 346 266 401.3951994993 386.275709062169 17.8755510925835 7.17555116693255 -887 9126 992
608578 -79.53341 39.06243 1.77015444183314 1.77015444183314 8.05000019073486 11.4166669845581 34.2842826843262 819.470458984375 24.7000007629395 -8.60000038146973 33.3000030517578 15.9499998092651 -2.30000019073486 17.8666667938232 -2.30000019073486 1223 126 84 12.4533729553223 359 266 346 266 401.3951994993 386.275709062169 17.8755510925835 7.17555116693255 -887 9126 992
608580 -79.51135 39.06175 1.77015444183314 1.77015444183314 7.69583320617676 11.1083335876465 33.6616134643555 817.308410644531 24.2000007629395 -8.80000019073486 33 15.5666666030884 -2.60000014305115 17.5 -2.60000014305115 1236 125 86 11.5675621032715 359 270 345 270 410.273461707575 393.849756548622 17.4211226205259 6.82112285303056 -898 9066 1069
608583 -79.53341 39.06243 1.77015444183314 1.77015444183314 8.05000019073486 11.4166669845581 34.2842826843262 819.470458984375 24.7000007629395 -8.60000038146973 33.3000030517578 15.9499998092651 -2.30000019073486 17.8666667938232 -2.30000019073486 1223 126 84 12.4533729553223 359 266 346 266 401.3951994993 386.275709062169 17.8755510925835 7.17555116693255 -887 9126 992
608585 -79.53341 39.06243 1.77015444183314 1.77015444183314 8.05000019073486 11.4166669845581 34.2842826843262 819.470458984375 24.7000007629395 -8.60000038146973 33.3000030517578 15.9499998092651 -2.30000019073486 17.8666667938232 -2.30000019073486 1223 126 84 12.4533729553223 359 266 346 266 401.3951994993 386.275709062169 17.8755510925835 7.17555116693255 -887 9126 992
608587 -79.53341 39.06243 1.77015444183314 1.77015444183314 8.05000019073486 11.4166669845581 34.2842826843262 819.470458984375 24.7000007629395 -8.60000038146973 33.3000030517578 15.9499998092651 -2.30000019073486 17.8666667938232 -2.30000019073486 1223 126 84 12.4533729553223 359 266 346 266 401.3951994993 386.275709062169 17.8755510925835 7.17555116693255 -887 9126 992
608590 -79.53341 39.06243 1.77015444183314 1.77015444183314 8.05000019073486 11.4166669845581 34.2842826843262 819.470458984375 24.7000007629395 -8.60000038146973 33.3000030517578 15.9499998092651 -2.30000019073486 17.8666667938232 -2.30000019073486 1223 126 84 12.4533729553223 359 266 346 266 401.3951994993 386.275709062169 17.8755510925835 7.17555116693255 -887 9126 992
608618 -78.66564 40.23369 1.77015444183314 1.77015444183314 7.69166660308838 9.75 29.1044788360596 881.854553222656 24.5 -9 33.5 16.2333335876465 -3.53333330154419 18.1666660308838 -3.53333330154419 1107 108 73 13.3481616973877 323 230 309 230 298.951430162938 301.925016333081 19.1995143749075 7.65458338234385 -890 9304 852
608621 -78.66564 40.23369 1.77015444183314 1.77015444183314 7.69166660308838 9.75 29.1044788360596 881.854553222656 24.5 -9 33.5 16.2333335876465 -3.53333330154419 18.1666660308838 -3.53333330154419 1107 108 73 13.3481616973877 323 230 309 230 298.951430162938 301.925016333081 19.1995143749075 7.65458338234385 -890 9304 852
608624 -78.66564 40.23369 1.77015444183314 1.77015444183314 7.69166660308838 9.75 29.1044788360596 881.854553222656 24.5 -9 33.5 16.2333335876465 -3.53333330154419 18.1666660308838 -3.53333330154419 1107 108 73 13.3481616973877 323 230 309 230 298.951430162938 301.925016333081 19.1995143749075 7.65458338234385 -890 9304 852
608626 -78.66564 40.23369 1.77015444183314 1.77015444183314 7.69166660308838 9.75 29.1044788360596 881.854553222656 24.5 -9 33.5 16.2333335876465 -3.53333330154419 18.1666660308838 -3.53333330154419 1107 108 73 13.3481616973877 323 230 309 230 298.951430162938 301.925016333081 19.1995143749075 7.65458338234385 -890 9304 852
608628 -78.66237 40.22306 1.77015444183314 1.77015444183314 8.1666669845581 10.2166662216187 29.9608993530273 887.991455078125 25.3999996185303 -8.69999980926514 34.0999984741211 16.7999992370605 -3.13333320617676 18.75 -3.13333320617676 1071 106 70 13.824200630188 314 221 300 221 297.467054225788 300.852708355213 19.1711039604913 7.6573645344499 -882 9276 723
608629 -78.68679 40.24508 1.77015444183314 1.77015444183314 7.66666650772095 9.73333358764648 29.0547256469727 884.488403320312 24.5 -9 33.5 16.216667175293 -3.58333325386047 18.1999988555908 -3.58333325386047 1110 108 74 13.1107778549194 323 232 309 232 304.208341571755 301.263142446021 19.1336659980275 7.59999990463257 -898 9441 855
608630 -78.68679 40.24508 1.77015444183314 1.77015444183314 7.66666650772095 9.73333358764648 29.0547256469727 884.488403320312 24.5 -9 33.5 16.216667175293 -3.58333325386047 18.1999988555908 -3.58333325386047 1110 108 74 13.1107778549194 323 232 309 232 304.208341571755 301.263142446021 19.1336659980275 7.59999990463257 -898 9441 855
608631 -78.66463 40.22304 1.77015444183314 1.77015444183314 8.1666669845581 10.2166662216187 29.9608993530273 887.991455078125 25.3999996185303 -8.69999980926514 34.0999984741211 16.7999992370605 -3.13333320617676 18.75 -3.13333320617676 1071 106 70 13.824200630188 314 221 300 221 298.672423222136 301.836211611068 19.1240559497646 7.61553921930627 -882 9276 723
608641 -78.204 40.761 1.77015444183314 1.77015444183314 8.75833320617676 11.1666660308838 31.633617401123 903.980651855469 26.7999992370605 -8.5 35.2999992370605 17.533332824707 -2.73333334922791 19.5499992370605 -2.73333334922791 1024 109 67 15.3613090515137 308 208 295 208 307.284335925369 274.098329326596 19.3847674099059 7.8054644125497 -878 8949 480
608642 -78.204 40.761 1.77015444183314 1.77015444183314 8.75833320617676 11.1666660308838 31.633617401123 903.980651855469 26.7999992370605 -8.5 35.2999992370605 17.533332824707 -2.73333334922791 19.5499992370605 -2.73333334922791 1024 109 67 15.3613090515137 308 208 295 208 307.284335925369 274.098329326596 19.3847674099059 7.8054644125497 -878 8949 480
608648 -78.198 40.764 1.77015444183314 1.77015444183314 8.77499961853027 11.1666669845581 31.7234859466553 904.13818359375 26.7999992370605 -8.39999961853027 35.1999969482422 17.533332824707 -2.71666669845581 19.5499992370605 -2.71666669845581 1024 109 67 15.3613090515137 308 208 295 208 306.794917428268 273.240808351214 19.4907511834593 7.82279824351373 -871 8604 479
610037 -84.02686 35.34761 1.77015444183314 1.77015444183314 9.89999961853027 11.0833330154419 37.827075958252 690.200866699219 24.2999992370605 -5 29.2999992370605 2.20000004768372 15.1166667938232 18.1499996185303 1.18333327770233 1831 188 118 11.12087059021 499 397 452 468 475.620845998009 499.832951127801 18.5392143121284 9.32466298307038 -823 9018 1322
610045 -84.02686 35.34761 1.77015444183314 1.77015444183314 9.89999961853027 11.0833330154419 37.827075958252 690.200866699219 24.2999992370605 -5 29.2999992370605 2.20000004768372 15.1166667938232 18.1499996185303 1.18333327770233 1831 188 118 11.12087059021 499 397 452 468 475.620845998009 499.832951127801 18.5392143121284 9.32466298307038 -823 9018 1322
610049 -84.02686 35.34761 1.77015444183314 1.77015444183314 9.89999961853027 11.0833330154419 37.827075958252 690.200866699219 24.2999992370605 -5 29.2999992370605 2.20000004768372 15.1166667938232 18.1499996185303 1.18333327770233 1831 188 118 11.12087059021 499 397 452 468 475.620845998009 499.832951127801 18.5392143121284 9.32466298307038 -823 9018 1322
610052 -84.02686 35.34761 1.77015444183314 1.77015444183314 9.89999961853027 11.0833330154419 37.827075958252 690.200866699219 24.2999992370605 -5 29.2999992370605 2.20000004768372 15.1166667938232 18.1499996185303 1.18333327770233 1831 188 118 11.12087059021 499 397 452 468 475.620845998009 499.832951127801 18.5392143121284 9.32466298307038 -823 9018 1322
610062 -84.03101 35.33751 1.77015444183314 1.77015444183314 9.77916622161865 10.9583330154419 37.5285377502441 686.858642578125 24.1000003814697 -5.09999990463257 29.2000007629395 2.10000014305115 14.966667175293 17.9833335876465 1.10000002384186 1846 189 119 11.0666980743408 503 400 455 473 480.213134677697 503.974010973389 18.3806275917786 9.14709514488948 -820 8936 1354
610065 -84.03101 35.33751 1.77015444183314 1.77015444183314 9.77916622161865 10.9583330154419 37.5285377502441 686.858642578125 24.1000003814697 -5.09999990463257 29.2000007629395 2.10000014305115 14.966667175293 17.9833335876465 1.10000002384186 1846 189 119 11.0666980743408 503 400 455 473 480.213134677697 503.974010973389 18.3806275917786 9.14709514488948 -820 8936 1354
610076 -83.99466 35.35231 1.77015444183314 1.77015444183314 9.90000057220459 11.3000001907349 38.1756782531738 691.559509277344 24.5 -5.09999990463257 29.6000003814697 2.20000004768372 15.1166667938232 18.1833343505859 1.18333339691162 1813 186 116 11.2515354156494 495 392 449 465 472.640568766379 499.506903102645 18.541420100416 9.2844907114346 -830 9066 1283
612854 -83.05503 35.00456 1.77015444183314 1.77015444183314 12.3333330154419 12.5 40.584415435791 694.449890136719 27.6000003814697 -3.20000004768372 30.8000011444092 4.73333311080933 17.4333343505859 20.75 3.63333344459534 1932 194 141 8.41039752960205 515 453 472 489 534.167298667996 470.551564334604 21.5730147612293 12.6906095576097 -874 8786 879
612855 -83.05467 35.00284 1.77015444183314 1.77015444183314 12.3333330154419 12.5 40.584415435791 694.449890136719 27.6000003814697 -3.20000004768372 30.8000011444092 4.73333311080933 17.4333343505859 20.75 3.63333344459534 1932 194 141 8.41039752960205 515 453 472 489 534.720411902896 470.93626173238 21.5584026712383 12.6826570346056 -874 8786 879
612856 -83.05503 35.00456 1.77015444183314 1.77015444183314 12.3333330154419 12.5 40.584415435791 694.449890136719 27.6000003814697 -3.20000004768372 30.8000011444092 4.73333311080933 17.4333343505859 20.75 3.63333344459534 1932 194 141 8.41039752960205 515 453 472 489 534.167298667996 470.551564334604 21.5730147612293 12.6906095576097 -874 8786 879
612857 -83.09102 34.96542 1.77015444183314 1.77015444183314 12.5749998092651 12.6000003814697 40.5144691467285 697.738220214844 28 -3.09999990463257 31.1000003814697 4.98333358764648 17.6666660308838 21.033332824707 3.81666660308838 1917 193 140 8.50945472717285 514 449 467 488 515.678007939626 457.662118961403 21.960167199021 12.9998350722413 -885 8835 840
612859 -83.05503 35.00456 1.77015444183314 1.77015444183314 12.3333330154419 12.5 40.584415435791 694.449890136719 27.6000003814697 -3.20000004768372 30.8000011444092 4.73333311080933 17.4333343505859 20.75 3.63333344459534 1932 194 141 8.41039752960205 515 453 472 489 534.167298667996 470.551564334604 21.5730147612293 12.6906095576097 -874 8786 879
612863 -83.05503 35.00456 1.77015444183314 1.77015444183314 12.3333330154419 12.5 40.584415435791 694.449890136719 27.6000003814697 -3.20000004768372 30.8000011444092 4.73333311080933 17.4333343505859 20.75 3.63333344459534 1932 194 141 8.41039752960205 515 453 472 489 534.167298667996 470.551564334604 21.5730147612293 12.6906095576097 -874 8786 879
612865 -83.05467 35.00284 1.77015444183314 1.77015444183314 12.3333330154419 12.5 40.584415435791 694.449890136719 27.6000003814697 -3.20000004768372 30.8000011444092 4.73333311080933 17.4333343505859 20.75 3.63333344459534 1932 194 141 8.41039752960205 515 453 472 489 534.720411902896 470.93626173238 21.5584026712383 12.6826570346056 -874 8786 879
612867 -83.05503 35.00456 1.77015444183314 1.77015444183314 12.3333330154419 12.5 40.584415435791 694.449890136719 27.6000003814697 -3.20000004768372 30.8000011444092 4.73333311080933 17.4333343505859 20.75 3.63333344459534 1932 194 141 8.41039752960205 515 453 472 489 534.167298667996 470.551564334604 21.5730147612293 12.6906095576097 -874 8786 879
612879 -84.01383 34.77231 1.77015444183314 1.77015444183314 12.0291662216187 12.2250003814697 39.4354858398438 713.593505859375 27.2999992370605 -3.70000004768372 31 4.26666641235352 17.283332824707 20.6000003814697 3 1710 182 113 12.3180379867554 493 372 404 459 427.974475060453 421.909076303319 20.8895705067859 11.4916948312506 -858 8898 891
612880 -84.01383 34.77231 1.77015444183314 1.77015444183314 12.0291662216187 12.2250003814697 39.4354858398438 713.593505859375 27.2999992370605 -3.70000004768372 31 4.26666641235352 17.283332824707 20.6000003814697 3 1710 182 113 12.3180379867554 493 372 404 459 427.974475060453 421.909076303319 20.8895705067859 11.4916948312506 -858 8898 891
612881 -84.01383 34.77231 1.77015444183314 1.77015444183314 12.0291662216187 12.2250003814697 39.4354858398438 713.593505859375 27.2999992370605 -3.70000004768372 31 4.26666641235352 17.283332824707 20.6000003814697 3 1710 182 113 12.3180379867554 493 372 404 459 427.974475060453 421.909076303319 20.8895705067859 11.4916948312506 -858 8898 891
612882 -84.01383 34.77231 1.77015444183314 1.77015444183314 12.0291662216187 12.2250003814697 39.4354858398438 713.593505859375 27.2999992370605 -3.70000004768372 31 4.26666641235352 17.283332824707 20.6000003814697 3 1710 182 113 12.3180379867554 493 372 404 459 427.974475060453 421.909076303319 20.8895705067859 11.4916948312506 -858 8898 891
612883 -84.00542 34.76412 1.77015444183314 1.77015444183314 12.2583332061768 12.4333333969116 39.7231101989746 716.965942382812 27.7000007629395 -3.59999990463257 31.3000011444092 4.46666669845581 17.5166664123535 20.8833332061768 3.19999980926514 1680 179 111 12.4099655151367 486 366 397 453 429.007871507921 423.449527796766 21.0657021037595 11.688025311938 -852 9188 830
612884 -84.00542 34.76412 1.77015444183314 1.77015444183314 12.2583332061768 12.4333333969116 39.7231101989746 716.965942382812 27.7000007629395 -3.59999990463257 31.3000011444092 4.46666669845581 17.5166664123535 20.8833332061768 3.19999980926514 1680 179 111 12.4099655151367 486 366 397 453 429.007871507921 423.449527796766 21.0657021037595 11.688025311938 -852 9188 830
612886 -84.00542 34.76412 1.77015444183314 1.77015444183314 12.2583332061768 12.4333333969116 39.7231101989746 716.965942382812 27.7000007629395 -3.59999990463257 31.3000011444092 4.46666669845581 17.5166664123535 20.8833332061768 3.19999980926514 1680 179 111 12.4099655151367 486 366 397 453 429.007871507921 423.449527796766 21.0657021037595 11.688025311938 -852 9188 830
612889 -84.00799 34.76163 1.77015444183314 1.77015444183314 12.2583332061768 12.4333333969116 39.7231101989746 716.965942382812 27.7000007629395 -3.59999990463257 31.3000011444092 4.46666669845581 17.5166664123535 20.8833332061768 3.19999980926514 1680 179 111 12.4099655151367 486 366 397 453 427.557163872817 422.028709225676 21.1923574706324 11.7932755090004 -852 9188 830
612890 -84.00542 34.76412 1.77015444183314 1.77015444183314 12.2583332061768 12.4333333969116 39.7231101989746 716.965942382812 27.7000007629395 -3.59999990463257 31.3000011444092 4.46666669845581 17.5166664123535 20.8833332061768 3.19999980926514 1680 179 111 12.4099655151367 486 366 397 453 429.007871507921 423.449527796766 21.0657021037595 11.688025311938 -852 9188 830
612897 -82.13095 36.16526 1.77015444183314 1.77015444183314 9.66250038146973 11.1750001907349 36.5196075439453 721.01611328125 24.6000003814697 -6 30.6000003814697 9 6.01666688919067 18.2999992370605 0.566666662693024 1321 132 90 11.6585121154785 367 288 356 295 397.780380884796 333.673200794152 18.907072963833 9.50707331157447 -819 9625 1217
612898 -82.13095 36.16526 1.77015444183314 1.77015444183314 9.66250038146973 11.1750001907349 36.5196075439453 721.01611328125 24.6000003814697 -6 30.6000003814697 9 6.01666688919067 18.2999992370605 0.566666662693024 1321 132 90 11.6585121154785 367 288 356 295 397.780380884796 333.673200794152 18.907072963833 9.50707331157447 -819 9625 1217
612907 -82.33957 36.13795 1.77015444183314 1.77015444183314 11.4250001907349 12.5833330154419 38.957691192627 746.006042480469 27.2999992370605 -5 32.2999992370605 18.5499992370605 7.43333339691162 20.3833332061768 1.98333334922791 1219 121 80 12.9821376800537 349 258 340 277 360.786744623171 333.758691525948 20.4938038561014 10.9618901055248 -801 8766 863
612911 -82.13095 36.16526 1.77015444183314 1.77015444183314 9.66250038146973 11.1750001907349 36.5196075439453 721.01611328125 24.6000003814697 -6 30.6000003814697 9 6.01666688919067 18.2999992370605 0.566666662693024 1321 132 90 11.6585121154785 367 288 356 295 397.780380884796 333.673200794152 18.907072963833 9.50707331157447 -819 9625 1217
612912 -82.12236 36.17533 1.77015444183314 1.77015444183314 10.0541667938232 11.658332824707 37.4866027832031 728.45556640625 25.2999992370605 -5.80000019073486 31.0999984741211 16.966667175293 6.28333330154419 18.7999992370605 0.850000023841858 1281 127 87 11.8265342712402 357 277 348 286 398.338509332151 329.131143964049 19.0054027060646 9.60540273192047 -819 9833 1116
612914 -82.13095 36.16526 1.77015444183314 1.77015444183314 9.66250038146973 11.1750001907349 36.5196075439453 721.01611328125 24.6000003814697 -6 30.6000003814697 9 6.01666688919067 18.2999992370605 0.566666662693024 1321 132 90 11.6585121154785 367 288 356 295 397.780380884796 333.673200794152 18.907072963833 9.50707331157447 -819 9625 1217
612915 -82.13095 36.16526 1.77015444183314 1.77015444183314 9.66250038146973 11.1750001907349 36.5196075439453 721.01611328125 24.6000003814697 -6 30.6000003814697 9 6.01666688919067 18.2999992370605 0.566666662693024 1321 132 90 11.6585121154785 367 288 356 295 397.780380884796 333.673200794152 18.907072963833 9.50707331157447 -819 9625 1217
612916 -82.12236 36.17533 1.77015444183314 1.77015444183314 10.0541667938232 11.658332824707 37.4866027832031 728.45556640625 25.2999992370605 -5.80000019073486 31.0999984741211 16.966667175293 6.28333330154419 18.7999992370605 0.850000023841858 1281 127 87 11.8265342712402 357 277 348 286 398.338509332151 329.131143964049 19.0054027060646 9.60540273192047 -819 9833 1116
612917 -82.12236 36.17533 1.77015444183314 1.77015444183314 10.0541667938232 11.658332824707 37.4866027832031 728.45556640625 25.2999992370605 -5.80000019073486 31.0999984741211 16.966667175293 6.28333330154419 18.7999992370605 0.850000023841858 1281 127 87 11.8265342712402 357 277 348 286 398.338509332151 329.131143964049 19.0054027060646 9.60540273192047 -819 9833 1116
612918 -82.27038 36.14038 1.77015444183314 1.77015444183314 10.0291662216187 11.5583333969116 37.2849464416504 729.141662597656 25.2000007629395 -5.80000019073486 31 16.9500007629395 6.31666660308838 18.7666664123535 0.833333313465118 1305 129 90 11.6175155639648 363 283 354 296 381.640852734597 345.745187586173 19.0248703414296 9.53591454094927 -798 9316 1139
612928 -82.33957 36.13795 1.77015444183314 1.77015444183314 11.4250001907349 12.5833330154419 38.957691192627 746.006042480469 27.2999992370605 -5 32.2999992370605 18.5499992370605 7.43333339691162 20.3833332061768 1.98333334922791 1219 121 80 12.9821376800537 349 258 340 277 360.786744623171 333.758691525948 20.4938038561014 10.9618901055248 -801 8766 863
612930 -82.35464 36.1379 1.77015444183314 1.77015444183314 12.0041666030884 12.908332824707 39.3546752929688 756.455444335938 28.2000007629395 -4.59999990463257 32.7999992370605 19.2666664123535 7.88333320617676 21.1000003814697 2.41666674613953 1191 123 77 13.8030233383179 346 250 337 271 363.37699302469 325.90006713796 21.250362349962 11.5787974716328 -801 8747 736
612931 -82.33957 36.13795 1.77015444183314 1.77015444183314 11.4250001907349 12.5833330154419 38.957691192627 746.006042480469 27.2999992370605 -5 32.2999992370605 18.5499992370605 7.43333339691162 20.3833332061768 1.98333334922791 1219 121 80 12.9821376800537 349 258 340 277 360.786744623171 333.758691525948 20.4938038561014 10.9618901055248 -801 8766 863
612932 -82.33957 36.13795 1.77015444183314 1.77015444183314 11.4250001907349 12.5833330154419 38.957691192627 746.006042480469 27.2999992370605 -5 32.2999992370605 18.5499992370605 7.43333339691162 20.3833332061768 1.98333334922791 1219 121 80 12.9821376800537 349 258 340 277 360.786744623171 333.758691525948 20.4938038561014 10.9618901055248 -801 8766 863
612933 -82.33957 36.13795 1.77015444183314 1.77015444183314 11.4250001907349 12.5833330154419 38.957691192627 746.006042480469 27.2999992370605 -5 32.2999992370605 18.5499992370605 7.43333339691162 20.3833332061768 1.98333334922791 1219 121 80 12.9821376800537 349 258 340 277 360.786744623171 333.758691525948 20.4938038561014 10.9618901055248 -801 8766 863
612939 -82.12236 36.17533 1.77015444183314 1.77015444183314 10.0541667938232 11.658332824707 37.4866027832031 728.45556640625 25.2999992370605 -5.80000019073486 31.0999984741211 16.966667175293 6.28333330154419 18.7999992370605 0.850000023841858 1281 127 87 11.8265342712402 357 277 348 286 398.338509332151 329.131143964049 19.0054027060646 9.60540273192047 -819 9833 1116
612941 -82.33957 36.13795 1.77015444183314 1.77015444183314 11.4250001907349 12.5833330154419 38.957691192627 746.006042480469 27.2999992370605 -5 32.2999992370605 18.5499992370605 7.43333339691162 20.3833332061768 1.98333334922791 1219 121 80 12.9821376800537 349 258 340 277 360.786744623171 333.758691525948 20.4938038561014 10.9618901055248 -801 8766 863
613585 -88.92817 46.37789 1.77015444183314 1.77015444183314 3.90416669845581 12.4083337783813 28.9238548278809 1099.90588378906 25 -17.8999996185303 42.9000015258789 16.8500003814697 -10.1833333969116 16.8500003814697 -10.1833333969116 812 103 27 38.7913475036621 285 105 285 105 259.887414659338 167.970245725914 17.4082827567855 3.90496704755995 -1023 8462 488
613586 -88.92817 46.37789 1.77015444183314 1.77015444183314 3.90416669845581 12.4083337783813 28.9238548278809 1099.90588378906 25 -17.8999996185303 42.9000015258789 16.8500003814697 -10.1833333969116 16.8500003814697 -10.1833333969116 812 103 27 38.7913475036621 285 105 285 105 259.887414659338 167.970245725914 17.4082827567855 3.90496704755995 -1023 8462 488
613591 -88.91342 46.29309 1.77015444183314 1.77015444183314 3.79166674613953 12.5500001907349 29.1183300018311 1100.2021484375 24.8999996185303 -18.2000007629395 43.0999984741211 15.7666664123535 -10.3500003814697 16.7333335876465 -10.3500003814697 820 105 28 39.1062660217285 289 105 288 105 267.252961942473 179.252961942473 17.5 4.09999990463257 -1030 8377 504
613592 -88.95323 46.35417 1.77015444183314 1.77015444183314 3.83333325386047 12.3666667938232 28.7596893310547 1104.71166992188 24.8999996185303 -18.1000003814697 43 16.8500003814697 -10.3333330154419 16.8500003814697 -10.3333330154419 816 103 28 38.1895370483398 284 107 284 107 261.491595675742 171.523978464709 17.5 4 -1015 8672 505
613593 -88.95323 46.35417 1.77015444183314 1.77015444183314 3.83333325386047 12.3666667938232 28.7596893310547 1104.71166992188 24.8999996185303 -18.1000003814697 43 16.8500003814697 -10.3333330154419 16.8500003814697 -10.3333330154419 816 103 28 38.1895370483398 284 107 284 107 261.491595675742 171.523978464709 17.5 4 -1015 8672 505
613594 -88.94563 46.36552 1.77015444183314 1.77015444183314 3.80000019073486 12.4166669845581 28.8759689331055 1103.51501464844 24.8999996185303 -18.1000003814697 43 16.8000011444092 -10.3500003814697 16.8000011444092 -10.3500003814697 818 103 28 37.9917907714844 286 107 286 107 261.612714962 172.225429923999 17.5 4 -1011 8713 514
613597 -88.95335 46.35368 1.77015444183314 1.77015444183314 3.83333325386047 12.3666667938232 28.7596893310547 1104.71166992188 24.8999996185303 -18.1000003814697 43 16.8500003814697 -10.3333330154419 16.8500003814697 -10.3333330154419 816 103 28 38.1895370483398 284 107 284 107 261.490782757456 171.496669479674 17.5 4 -1015 8672 505
613598 -88.91712 46.37799 1.77015444183314 1.77015444183314 3.90416669845581 12.4083337783813 28.9238548278809 1099.14526367188 25 -17.8999996185303 42.9000015258789 16.8333339691162 -10.1833333969116 16.8333339691162 -10.1833333969116 809 102 27 38.7687530517578 284 104 284 104 258.170704712997 166.900200832938 17.4871768760119 3.90000009536743 -1023 9022 489
613606 -89.06899 45.90355 1.77015444183314 1.77015444183314 4.07083320617676 11.8916664123535 27.7195014953613 1123.65563964844 24.7000007629395 -18.2000007629395 42.9000015258789 16.1666660308838 -10.4499998092651 17.25 -10.4499998092651 806 111 24 43.4002380371094 304 95 297 95 273.58327994286 187 17.6000003814697 3.90000009536743 -1052 8923 517
613607 -89.06899 45.90355 1.77015444183314 1.77015444183314 4.07083320617676 11.8916664123535 27.7195014953613 1123.65563964844 24.7000007629395 -18.2000007629395 42.9000015258789 16.1666660308838 -10.4499998092651 17.25 -10.4499998092651 806 111 24 43.4002380371094 304 95 297 95 273.58327994286 187 17.6000003814697 3.90000009536743 -1052 8923 517
613608 -89.06899 45.90355 1.77015444183314 1.77015444183314 4.07083320617676 11.8916664123535 27.7195014953613 1123.65563964844 24.7000007629395 -18.2000007629395 42.9000015258789 16.1666660308838 -10.4499998092651 17.25 -10.4499998092651 806 111 24 43.4002380371094 304 95 297 95 273.58327994286 187 17.6000003814697 3.90000009536743 -1052 8923 517
613609 -88.861 45.929 1.77015444183314 1.77015444183314 4.04166650772095 12.0666666030884 28.3255100250244 1107.01647949219 24.6000003814697 -18 42.5999984741211 16.0166664123535 -10.1999998092651 17.0666656494141 -10.1999998092651 805 106 24 43.2752799987793 299 94 295 94 272.072519505295 186.871192517979 17.6000003814697 4 -999 8880 514
613610 -88.874505 45.896265 1.77015444183314 1.77015444183314 4.01666641235352 12.0333337783813 28.3805046081543 1105.44177246094 24.5 -17.8999996185303 42.4000015258789 15.9666662216187 -10.216667175293 17 -10.216667175293 811 106 24 42.9507865905762 300 94 294 94 272.614664730969 187 17.6000003814697 4 -974 8862 530
613611 -88.88867 45.86375 1.77015444183314 1.77015444183314 4.11666679382324 12.0666666030884 28.4591197967529 1105.748046875 24.6000003814697 -17.7999992370605 42.4000015258789 16.0666675567627 -10.1333332061768 17.0833339691162 -10.1333332061768 803 106 24 42.9523048400879 298 94 291 94 270.021637515564 187.365549160758 17.6000003814697 4.09658947570872 -985 8338 510
613612 -88.88867 45.86375 1.77015444183314 1.77015444183314 4.11666679382324 12.0666666030884 28.4591197967529 1105.748046875 24.6000003814697 -17.7999992370605 42.4000015258789 16.0666675567627 -10.1333332061768 17.0833339691162 -10.1333332061768 803 106 24 42.9523048400879 298 94 291 94 270.021637515564 187.365549160758 17.6000003814697 4.09658947570872 -985 8338 510
613652 -77.66086 45.58094 1.77015444183314 1.77015444183314 4.09166669845581 11.9833335876465 27.2968864440918 1131.1796875 25.2000007629395 -18.7000007629395 43.9000015258789 12.4333333969116 -9.51666641235352 17.2666664123535 -10.5500001907349 859 85 49 16.4328289031982 247 166 244 173 248.938168672168 193.20144841852 17.50618315637 3.90618314751602 -1026 8483 306
613654 -77.66086 45.58094 1.77015444183314 1.77015444183314 4.09166669845581 11.9833335876465 27.2968864440918 1131.1796875 25.2000007629395 -18.7000007629395 43.9000015258789 12.4333333969116 -9.51666641235352 17.2666664123535 -10.5500001907349 859 85 49 16.4328289031982 247 166 244 173 248.938168672168 193.20144841852 17.50618315637 3.90618314751602 -1026 8483 306
613657 -86.9761973 48.8665693 1.77015444183314 1.77015444183314 1.44583332538605 10.0083332061768 23.8862380981445 1136.8466796875 21 -20.8999996185303 41.9000015258789 10.1833333969116 -6.61666679382324 14.5833330154419 -13.3500003814697 834 105 41 32.869873046875 286 125 266 153 239.333315927823 145.354171634625 13.8683491983869 0.667508905939206 -1039 8584 321
613658 -86.9761973 48.8665693 1.77015444183314 1.77015444183314 1.44583332538605 10.0083332061768 23.8862380981445 1136.8466796875 21 -20.8999996185303 41.9000015258789 10.1833333969116 -6.61666679382324 14.5833330154419 -13.3500003814697 834 105 41 32.869873046875 286 125 266 153 239.333315927823 145.354171634625 13.8683491983869 0.667508905939206 -1039 8584 321
613660 -86.9761973 48.8665693 1.77015444183314 1.77015444183314 1.44583332538605 10.0083332061768 23.8862380981445 1136.8466796875 21 -20.8999996185303 41.9000015258789 10.1833333969116 -6.61666679382324 14.5833330154419 -13.3500003814697 834 105 41 32.869873046875 286 125 266 153 239.333315927823 145.354171634625 13.8683491983869 0.667508905939206 -1039 8584 321
613661 -86.9761973 48.8665693 1.77015444183314 1.77015444183314 1.44583332538605 10.0083332061768 23.8862380981445 1136.8466796875 21 -20.8999996185303 41.9000015258789 10.1833333969116 -6.61666679382324 14.5833330154419 -13.3500003814697 834 105 41 32.869873046875 286 125 266 153 239.333315927823 145.354171634625 13.8683491983869 0.667508905939206 -1039 8584 321
613662 -86.9761973 48.8665693 1.77015444183314 1.77015444183314 1.44583332538605 10.0083332061768 23.8862380981445 1136.8466796875 21 -20.8999996185303 41.9000015258789 10.1833333969116 -6.61666679382324 14.5833330154419 -13.3500003814697 834 105 41 32.869873046875 286 125 266 153 239.333315927823 145.354171634625 13.8683491983869 0.667508905939206 -1039 8584 321
613663 -86.9761973 48.8665693 1.77015444183314 1.77015444183314 1.44583332538605 10.0083332061768 23.8862380981445 1136.8466796875 21 -20.8999996185303 41.9000015258789 10.1833333969116 -6.61666679382324 14.5833330154419 -13.3500003814697 834 105 41 32.869873046875 286 125 266 153 239.333315927823 145.354171634625 13.8683491983869 0.667508905939206 -1039 8584 321
613669 -77.6868559 45.6677817 1.77015444183314 1.77015444183314 4.54166650772095 12.0500001907349 27.3863639831543 1130.77770996094 25.7999992370605 -18.2000007629395 44 16.7999992370605 -8.96666717529297 17.7000007629395 -10.1166667938232 819 82 46 17.449800491333 239 156 237 162 241.514624481207 186.429604541583 18.0242688685177 4.42426884816258 -1020 8467 182
613671 -77.6868559 45.6677817 1.77015444183314 1.77015444183314 4.54166650772095 12.0500001907349 27.3863639831543 1130.77770996094 25.7999992370605 -18.2000007629395 44 16.7999992370605 -8.96666717529297 17.7000007629395 -10.1166667938232 819 82 46 17.449800491333 239 156 237 162 241.514624481207 186.429604541583 18.0242688685177 4.42426884816258 -1020 8467 182
613673 -77.6868559 45.6677817 1.77015444183314 1.77015444183314 4.54166650772095 12.0500001907349 27.3863639831543 1130.77770996094 25.7999992370605 -18.2000007629395 44 16.7999992370605 -8.96666717529297 17.7000007629395 -10.1166667938232 819 82 46 17.449800491333 239 156 237 162 241.514624481207 186.429604541583 18.0242688685177 4.42426884816258 -1020 8467 182
613676 -77.53545 45.68915 1.77015444183314 1.77015444183314 4.53333330154419 12 27.1493225097656 1138.80187988281 25.7999992370605 -18.3999996185303 44.1999969482422 16.8666667938232 -9.25 17.75 -10.2166662216187 839 83 46 17.4519748687744 243 160 241 165 243.243134360943 190.947391344594 18.2244583039411 4.42971884676584 -1036 8558 203
613677 -77.53545 45.68915 1.77015444183314 1.77015444183314 4.53333330154419 12 27.1493225097656 1138.80187988281 25.7999992370605 -18.3999996185303 44.1999969482422 16.8666667938232 -9.25 17.75 -10.2166662216187 839 83 46 17.4519748687744 243 160 241 165 243.243134360943 190.947391344594 18.2244583039411 4.42971884676584 -1036 8558 203
613690 -86.9761973 48.8665693 1.77015444183314 1.77015444183314 1.44583332538605 10.0083332061768 23.8862380981445 1136.8466796875 21 -20.8999996185303 41.9000015258789 10.1833333969116 -6.61666679382324 14.5833330154419 -13.3500003814697 834 105 41 32.869873046875 286 125 266 153 239.333315927823 145.354171634625 13.8683491983869 0.667508905939206 -1039 8584 321
613691 -86.9761973 48.8665693 1.77015444183314 1.77015444183314 1.44583332538605 10.0083332061768 23.8862380981445 1136.8466796875 21 -20.8999996185303 41.9000015258789 10.1833333969116 -6.61666679382324 14.5833330154419 -13.3500003814697 834 105 41 32.869873046875 286 125 266 153 239.333315927823 145.354171634625 13.8683491983869 0.667508905939206 -1039 8584 321
614261 -66.854 45.794 1.77015444183314 1.77015444183314 4.96666669845581 11.1833333969116 27.5451564788818 1044.21862792969 25 -15.6000003814697 40.5999984741211 -5.26666641235352 -2.58333349227905 17.466667175293 -8.4166669845581 1165 110 71 11.0704298019409 324 257 282 285 279.263099390326 277.113228520085 17.2904397857044 4.09433848402747 -1031 8820 171
614262 -66.919051 45.82499 1.77015444183314 1.77015444183314 5.125 11.4166669845581 27.7777786254883 1051.65563964844 25.3999996185303 -15.6999998092651 41.0999984741211 -5.16666650772095 -2.48333334922791 17.6833324432373 -8.38333320617676 1140 108 67 11.5910015106201 316 249 279 275 275.386180652408 267.786265078793 17.6009022644378 4.30000019073486 -1010 8529 138
614268 -66.919051 45.82499 1.77015444183314 1.77015444183314 5.125 11.4166669845581 27.7777786254883 1051.65563964844 25.3999996185303 -15.6999998092651 41.0999984741211 -5.16666650772095 -2.48333334922791 17.6833324432373 -8.38333320617676 1140 108 67 11.5910015106201 316 249 279 275 275.386180652408 267.786265078793 17.6009022644378 4.30000019073486 -1010 8529 138
614269 -66.919051 45.82499 1.77015444183314 1.77015444183314 5.125 11.4166669845581 27.7777786254883 1051.65563964844 25.3999996185303 -15.6999998092651 41.0999984741211 -5.16666650772095 -2.48333334922791 17.6833324432373 -8.38333320617676 1140 108 67 11.5910015106201 316 249 279 275 275.386180652408 267.786265078793 17.6009022644378 4.30000019073486 -1010 8529 138
614270 -66.919051 45.82499 1.77015444183314 1.77015444183314 5.125 11.4166669845581 27.7777786254883 1051.65563964844 25.3999996185303 -15.6999998092651 41.0999984741211 -5.16666650772095 -2.48333334922791 17.6833324432373 -8.38333320617676 1140 108 67 11.5910015106201 316 249 279 275 275.386180652408 267.786265078793 17.6009022644378 4.30000019073486 -1010 8529 138
614273 -67.18008 45.75421 1.77015444183314 1.77015444183314 5.00833320617676 11.5500001907349 27.8313255310059 1056.95715332031 25.3999996185303 -16.1000003814697 41.5 -5.18333339691162 -2.81666660308838 17.6666660308838 -8.5 1146 113 65 12.4313068389893 316 248 285 268 282.051056734726 271.672953149102 17.5208946748362 4.32089474978815 -1043 8490 194
614276 -66.86854 45.71443 1.77015444183314 1.77015444183314 5.08750009536743 11.3083333969116 27.9218101501465 1036.48034667969 25.1000003814697 -15.3999996185303 40.5 -5.0499997138977 -2.40000009536743 17.5166664123535 -8.19999980926514 1174 113 70 11.5913410186768 328 258 285 285 274.69226210089 276.848758398913 17.3999996185303 4.23077371656888 -1024 9210 141
614277 -66.86854 45.71443 1.77015444183314 1.77015444183314 5.08750009536743 11.3083333969116 27.9218101501465 1036.48034667969 25.1000003814697 -15.3999996185303 40.5 -5.0499997138977 -2.40000009536743 17.5166664123535 -8.19999980926514 1174 113 70 11.5913410186768 328 258 285 285 274.69226210089 276.848758398913 17.3999996185303 4.23077371656888 -1024 9210 141
614278 -66.86854 45.71443 1.77015444183314 1.77015444183314 5.08750009536743 11.3083333969116 27.9218101501465 1036.48034667969 25.1000003814697 -15.3999996185303 40.5 -5.0499997138977 -2.40000009536743 17.5166664123535 -8.19999980926514 1174 113 70 11.5913410186768 328 258 285 285 274.69226210089 276.848758398913 17.3999996185303 4.23077371656888 -1024 9210 141
614279 -63.2413358 44.9230007 1.77015444183314 1.77015444183314 6.33750009536743 9.89166641235352 28.8386783599854 883.0400390625 23.7000007629395 -10.6000003814697 34.3000030517578 -1.45000004768372 16.9833335876465 16.9833335876465 -4.51666688919067 1429 154 102 12.5766229629517 423 320 320 375 288.907776202911 317.024817510432 17.3999996185303 4.50017937657128 -1096 8268 31
614280 -63.2413358 44.9230007 1.77015444183314 1.77015444183314 6.33750009536743 9.89166641235352 28.8386783599854 883.0400390625 23.7000007629395 -10.6000003814697 34.3000030517578 -1.45000004768372 16.9833335876465 16.9833335876465 -4.51666688919067 1429 154 102 12.5766229629517 423 320 320 375 288.907776202911 317.024817510432 17.3999996185303 4.50017937657128 -1096 8268 31
614281 -63.2413358 44.9230007 1.77015444183314 1.77015444183314 6.33750009536743 9.89166641235352 28.8386783599854 883.0400390625 23.7000007629395 -10.6000003814697 34.3000030517578 -1.45000004768372 16.9833335876465 16.9833335876465 -4.51666688919067 1429 154 102 12.5766229629517 423 320 320 375 288.907776202911 317.024817510432 17.3999996185303 4.50017937657128 -1096 8268 31
614282 -63.2413358 44.9230007 1.77015444183314 1.77015444183314 6.33750009536743 9.89166641235352 28.8386783599854 883.0400390625 23.7000007629395 -10.6000003814697 34.3000030517578 -1.45000004768372 16.9833335876465 16.9833335876465 -4.51666688919067 1429 154 102 12.5766229629517 423 320 320 375 288.907776202911 317.024817510432 17.3999996185303 4.50017937657128 -1096 8268 31
614283 -63.3232274 44.9144398 1.77015444183314 1.77015444183314 6.15416669845581 9.57499980926514 28.1617660522461 883.969482421875 23.2999992370605 -10.6999998092651 34 -1.61666667461395 16.7999992370605 16.7999992370605 -4.68333339691162 1426 151 101 13.0440883636475 427 316 316 383 290.235320975733 324.717484980072 17.2999992370605 4.37646802023614 -1078 8638 66
614284 -63.3232274 44.9144398 1.77015444183314 1.77015444183314 6.15416669845581 9.57499980926514 28.1617660522461 883.969482421875 23.2999992370605 -10.6999998092651 34 -1.61666667461395 16.7999992370605 16.7999992370605 -4.68333339691162 1426 151 101 13.0440883636475 427 316 316 383 290.235320975733 324.717484980072 17.2999992370605 4.37646802023614 -1078 8638 66
614285 -63.3232274 44.9144398 1.77015444183314 1.77015444183314 6.15416669845581 9.57499980926514 28.1617660522461 883.969482421875 23.2999992370605 -10.6999998092651 34 -1.61666667461395 16.7999992370605 16.7999992370605 -4.68333339691162 1426 151 101 13.0440883636475 427 316 316 383 290.235320975733 324.717484980072 17.2999992370605 4.37646802023614 -1078 8638 66
614287 -69.4469979 45.6711541 1.77015444183314 1.77015444183314 3.58333349227905 12.0333337783813 28.2472610473633 1095.06396484375 24.2000007629395 -18.3999996185303 42.5999984741211 16.6666660308838 -9.4166669845581 16.6666660308838 -10.3999996185303 1053 104 59 16.4067611694336 309 200 309 217 316.013198930863 251.209920574162 16.4986801018787 2.19868015270933 -1042 8670 376
614288 -69.4469979 45.6711541 1.77015444183314 1.77015444183314 3.58333349227905 12.0333337783813 28.2472610473633 1095.06396484375 24.2000007629395 -18.3999996185303 42.5999984741211 16.6666660308838 -9.4166669845581 16.6666660308838 -10.3999996185303 1053 104 59 16.4067611694336 309 200 309 217 316.013198930863 251.209920574162 16.4986801018787 2.19868015270933 -1042 8670 376
614289 -69.332 45.617 1.77015444183314 1.77015444183314 3.62083339691162 11.8083333969116 27.9818325042725 1092.34204101562 24.1000003814697 -18.1000003814697 42.2000007629395 16.6833324432373 -9.28333377838135 16.6833324432373 -10.3166666030884 1071 104 61 14.8817720413208 308 209 308 224 324.092396300864 268.548287752558 16.2047952854999 1.86859179205511 -1049 8617 392
614293 -69.332 45.617 1.77015444183314 1.77015444183314 3.62083339691162 11.8083333969116 27.9818325042725 1092.34204101562 24.1000003814697 -18.1000003814697 42.2000007629395 16.6833324432373 -9.28333377838135 16.6833324432373 -10.3166666030884 1071 104 61 14.8817720413208 308 209 308 224 324.092396300864 268.548287752558 16.2047952854999 1.86859179205511 -1049 8617 392
614294 -69.5107309 45.5990454 1.77015444183314 1.77015444183314 3.8916666507721 11.783332824707 27.7908802032471 1093.64453125 24.2999992370605 -18.1000003814697 42.4000015258789 16.9166660308838 -9.31666660308838 16.9166660308838 -10.0166664123535 1039 101 58 16.4485340118408 300 196 300 215 305.479641891382 241.263731306597 16.7999992370605 2.70000004768372 -1145 8074 315
614297 -69.332 45.617 1.77015444183314 1.77015444183314 3.62083339691162 11.8083333969116 27.9818325042725 1092.34204101562 24.1000003814697 -18.1000003814697 42.2000007629395 16.6833324432373 -9.28333377838135 16.6833324432373 -10.3166666030884 1071 104 61 14.8817720413208 308 209 308 224 324.092396300864 268.548287752558 16.2047952854999 1.86859179205511 -1049 8617 392
614299 -69.4469979 45.6711541 1.77015444183314 1.77015444183314 3.58333349227905 12.0333337783813 28.2472610473633 1095.06396484375 24.2000007629395 -18.3999996185303 42.5999984741211 16.6666660308838 -9.4166669845581 16.6666660308838 -10.3999996185303 1053 104 59 16.4067611694336 309 200 309 217 316.013198930863 251.209920574162 16.4986801018787 2.19868015270933 -1042 8670 376
614302 -69.54654 45.54339 1.77015444183314 1.77015444183314 3.87083339691162 11.6750001907349 27.6004734039307 1089.57556152344 24.2000007629395 -18.1000003814697 42.3000030517578 16.8333339691162 -9.36666679382324 16.8333339691162 -9.94999980926514 1048 103 60 15.9321517944336 300 200 300 220 305.672282563842 242.253330066289 16.7999992370605 2.76219275893389 -1168 8619 348
614305 -69.57217 45.51109 1.77015444183314 1.77015444183314 3.96250009536743 11.6916666030884 27.7711791992188 1082.47216796875 24.2000007629395 -17.8999996185303 42.0999984741211 16.8166675567627 -9.23333358764648 16.8166675567627 -9.76666641235352 1043 103 60 15.7642612457275 299 200 299 220 306 243.375081924649 16.7556358567667 2.70217746370951 -1155 8777 332
614307 -69.57217 45.51109 1.77015444183314 1.77015444183314 3.96250009536743 11.6916666030884 27.7711791992188 1082.47216796875 24.2000007629395 -17.8999996185303 42.0999984741211 16.8166675567627 -9.23333358764648 16.8166675567627 -9.76666641235352 1043 103 60 15.7642612457275 299 200 299 220 306 243.375081924649 16.7556358567667 2.70217746370951 -1155 8777 332
