ID lon lat srtm PPT_sm PPT_sp Tave_sm Tave_sp
606619 -82.525983 36.87043 904 344.371378892408 408.396923531489 20.4975911559954 11.0987255385578
606621 -82.525983 36.87043 904 344.371378892408 408.396923531489 20.4975911559954 11.0987255385578
606622 -82.525983 36.87043 904 344.371378892408 408.396923531489 20.4975911559954 11.0987255385578
606623 -80.57508 37.37291 1016 309.772937589191 318.183458305728 19.5227482803117 9.09103485691628
606633 -82.542415 36.879225 916 351.138801836173 401.374640799526 20.3776723126668 10.9965302098339
606634 -82.542415 36.879225 916 351.138801836173 401.374640799526 20.3776723126668 10.9965302098339
606637 -80.57508 37.37291 1016 309.772937589191 318.183458305728 19.5227482803117 9.09103485691628
606639 -82.574 36.879 948 358.103650810824 410.021111330992 20.2684099999984 10.8684103814681
606641 -82.574 36.879 948 358.103650810824 410.021111330992 20.2684099999984 10.8684103814681
606642 -82.525983 36.87043 904 344.371378892408 408.396923531489 20.4975911559954 11.0987255385578
606643 -82.525983 36.87043 904 344.371378892408 408.396923531489 20.4975911559954 11.0987255385578
606647 -80.57508 37.37291 1016 309.772937589191 318.183458305728 19.5227482803117 9.09103485691628
606654 -80.57508 37.37291 1016 309.772937589191 318.183458305728 19.5227482803117 9.09103485691628
606655 -82.525983 36.87043 904 344.371378892408 408.396923531489 20.4975911559954 11.0987255385578
606656 -82.525983 36.87043 904 344.371378892408 408.396923531489 20.4975911559954 11.0987255385578
606657 -82.525983 36.87043 904 344.371378892408 408.396923531489 20.4975911559954 11.0987255385578
606662 -80.57508 37.37291 1016 309.772937589191 318.183458305728 19.5227482803117 9.09103485691628
606673 -80.5834224 38.3614987 664 404.814403570612 370.047566596972 20.16961493987 9.77437104550781
606674 -80.5834224 38.3614987 664 404.814403570612 370.047566596972 20.16961493987 9.77437104550781
606675 -80.5834224 38.3614987 664 404.814403570612 370.047566596972 20.16961493987 9.77437104550781
606681 -79.88203 38.63488 1139 409.202135839993 382.11558311117 16.5542162557796 5.90562125690485
606682 -79.88203 38.63488 1139 409.202135839993 382.11558311117 16.5542162557796 5.90562125690485
606683 -79.88203 38.63488 1139 409.202135839993 382.11558311117 16.5542162557796 5.90562125690485
606684 -79.88203 38.63488 1139 409.202135839993 382.11558311117 16.5542162557796 5.90562125690485
606690 -79.88203 38.63488 1139 409.202135839993 382.11558311117 16.5542162557796 5.90562125690485
606695 -79.88203 38.63488 1139 409.202135839993 382.11558311117 16.5542162557796 5.90562125690485
606696 -79.88203 38.63488 1139 409.202135839993 382.11558311117 16.5542162557796 5.90562125690485
606697 -80.5834224 38.3614987 664 404.814403570612 370.047566596972 20.16961493987 9.77437104550781
606698 -80.5834224 38.3614987 664 404.814403570612 370.047566596972 20.16961493987 9.77437104550781
606699 -80.5834224 38.3614987 664 404.814403570612 370.047566596972 20.16961493987 9.77437104550781
606700 -80.5834224 38.3614987 664 404.814403570612 370.047566596972 20.16961493987 9.77437104550781
608313 -78.0898 40.92719 634 317.896354527762 260.044506924402 18.5977750267606 7.19777446516729
608314 -78.05871 40.86828 621 312.30829787238 263.81509681217 18.8036197366483 7.38404015635635
608321 -78.05871 40.86828 621 312.30829787238 263.81509681217 18.8036197366483 7.38404015635635
608323 -78.14433 40.83079 695 318.362247371755 271.285165000353 18.3292959081619 7.01464826570223
608325 -78.14433 40.83079 695 318.362247371755 271.285165000353 18.3292959081619 7.01464826570223
608326 -78.14433 40.83079 695 318.362247371755 271.285165000353 18.3292959081619 7.01464826570223
608329 -78.14412 40.83201 695 318.187827741971 271.069837346701 18.348475060738 7.02423779626378
608330 -78.12391 40.91309 602 315.289521476744 257.615289129267 18.93123631479 7.35181245011177
608331 -78.12391 40.91309 602 315.289521476744 257.615289129267 18.93123631479 7.35181245011177
608335 -77.7767117 41.7220797 583 317.114882079636 266.765453866127 18.5150934072709 6.58454702362828
608336 -77.75484 41.72457 543 318.646415067885 269.010614836104 18.4714755803372 6.53573781049212
608338 -77.7767117 41.7220797 583 317.114882079636 266.765453866127 18.5150934072709 6.58454702362828
608340 -77.7767117 41.7220797 583 317.114882079636 266.765453866127 18.5150934072709 6.58454702362828
608346 -77.7767117 41.7220797 583 317.114882079636 266.765453866127 18.5150934072709 6.58454702362828
608347 -77.7767117 41.7220797 583 317.114882079636 266.765453866127 18.5150934072709 6.58454702362828
608348 -77.7767117 41.7220797 583 317.114882079636 266.765453866127 18.5150934072709 6.58454702362828
608350 -77.7767117 41.7220797 583 317.114882079636 266.765453866127 18.5150934072709 6.58454702362828
608370 -74.5396005 41.90287 877 374.903724346721 345.914939370915 17.1214277858053 5.08811227809564
608371 -74.5396005 41.90287 877 374.903724346721 345.914939370915 17.1214277858053 5.08811227809564
608372 -74.5396005 41.90287 877 374.903724346721 345.914939370915 17.1214277858053 5.08811227809564
608373 -74.5396005 41.90287 877 374.903724346721 345.914939370915 17.1214277858053 5.08811227809564
608374 -74.5396005 41.90287 877 374.903724346721 345.914939370915 17.1214277858053 5.08811227809564
608375 -74.5396005 41.90287 877 374.903724346721 345.914939370915 17.1214277858053 5.08811227809564
608376 -74.5396005 41.90287 877 374.903724346721 345.914939370915 17.1214277858053 5.08811227809564
608377 -74.5396005 41.90287 877 374.903724346721 345.914939370915 17.1214277858053 5.08811227809564
608378 -74.5396005 41.90287 877 374.903724346721 345.914939370915 17.1214277858053 5.08811227809564
608379 -74.5396005 41.90287 877 374.903724346721 345.914939370915 17.1214277858053 5.08811227809564
608406 -74.4540282 43.4890471 524 335.631186183879 317.639109274974 17.1992084508075 4.39920778701353
608409 -74.4540282 43.4890471 524 335.631186183879 317.639109274974 17.1992084508075 4.39920778701353
608411 -74.7798908 43.708677 642 333.06243517035 268.21515860568 16.6468788017785 3.74687824445964
608417 -74.7798908 43.708677 642 333.06243517035 268.21515860568 16.6468788017785 3.74687824445964
608419 -74.75517 43.71678 716 334.043391916519 268.419879493405 16.5956609292659 3.6828682113674
608426 -74.7388276 43.6333221 685 346.886130586079 290.807858398485 16.3930502664218 3.52521944923896
608427 -74.6857839 43.6310659 775 361.438046853977 305.638525744818 16.4005587583416 3.60055911894352
608428 -74.6857839 43.6310659 775 361.438046853977 305.638525744818 16.4005587583416 3.60055911894352
608568 -79.41061 39.03255 1076 388.490032645424 378.395946107984 17.214054239552 6.81173127385868
608573 -79.41061 39.03255 1076 388.490032645424 378.395946107984 17.214054239552 6.81173127385868
608575 -79.51135 39.06175 1069 410.273461707575 393.849756548622 17.4211226205259 6.82112285303056
608576 -79.53341 39.06243 992 401.3951994993 386.275709062169 17.8755510925835 7.17555116693255
608578 -79.53341 39.06243 992 401.3951994993 386.275709062169 17.8755510925835 7.17555116693255
608580 -79.51135 39.06175 1069 410.273461707575 393.849756548622 17.4211226205259 6.82112285303056
608583 -79.53341 39.06243 992 401.3951994993 386.275709062169 17.8755510925835 7.17555116693255
608585 -79.53341 39.06243 992 401.3951994993 386.275709062169 17.8755510925835 7.17555116693255
608587 -79.53341 39.06243 992 401.3951994993 386.275709062169 17.8755510925835 7.17555116693255
608590 -79.53341 39.06243 992 401.3951994993 386.275709062169 17.8755510925835 7.17555116693255
608618 -78.66564 40.23369 852 298.951430162938 301.925016333081 19.1995143749075 7.65458338234385
608621 -78.66564 40.23369 852 298.951430162938 301.925016333081 19.1995143749075 7.65458338234385
608624 -78.66564 40.23369 852 298.951430162938 301.925016333081 19.1995143749075 7.65458338234385
608626 -78.66564 40.23369 852 298.951430162938 301.925016333081 19.1995143749075 7.65458338234385
608628 -78.66237 40.22306 723 297.467054225788 300.852708355213 19.1711039604913 7.6573645344499
608629 -78.68679 40.24508 855 304.208341571755 301.263142446021 19.1336659980275 7.59999990463257
608630 -78.68679 40.24508 855 304.208341571755 301.263142446021 19.1336659980275 7.59999990463257
608631 -78.66463 40.22304 723 298.672423222136 301.836211611068 19.1240559497646 7.61553921930627
608641 -78.204 40.761 480 307.284335925369 274.098329326596 19.3847674099059 7.8054644125497
610037 -84.02686 35.34761 1322 475.620845998009 499.832951127801 18.5392143121284 9.32466298307038
610045 -84.02686 35.34761 1322 475.620845998009 499.832951127801 18.5392143121284 9.32466298307038
610049 -84.02686 35.34761 1322 475.620845998009 499.832951127801 18.5392143121284 9.32466298307038
610052 -84.02686 35.34761 1322 475.620845998009 499.832951127801 18.5392143121284 9.32466298307038
610062 -84.03101 35.33751 1354 480.213134677697 503.974010973389 18.3806275917786 9.14709514488948
610065 -84.03101 35.33751 1354 480.213134677697 503.974010973389 18.3806275917786 9.14709514488948
610076 -83.99466 35.35231 1283 472.640568766379 499.506903102645 18.541420100416 9.2844907114346
612854 -83.05503 35.00456 879 534.167298667996 470.551564334604 21.5730147612293 12.6906095576097
612855 -83.05467 35.00284 879 534.720411902896 470.93626173238 21.5584026712383 12.6826570346056
612856 -83.05503 35.00456 879 534.167298667996 470.551564334604 21.5730147612293 12.6906095576097
612857 -83.09102 34.96542 840 515.678007939626 457.662118961403 21.960167199021 12.9998350722413
612859 -83.05503 35.00456 879 534.167298667996 470.551564334604 21.5730147612293 12.6906095576097
612863 -83.05503 35.00456 879 534.167298667996 470.551564334604 21.5730147612293 12.6906095576097
612865 -83.05467 35.00284 879 534.720411902896 470.93626173238 21.5584026712383 12.6826570346056
612867 -83.05503 35.00456 879 534.167298667996 470.551564334604 21.5730147612293 12.6906095576097
612879 -84.01383 34.77231 891 427.974475060453 421.909076303319 20.8895705067859 11.4916948312506
612880 -84.01383 34.77231 891 427.974475060453 421.909076303319 20.8895705067859 11.4916948312506
612881 -84.01383 34.77231 891 427.974475060453 421.909076303319 20.8895705067859 11.4916948312506
612882 -84.01383 34.77231 891 427.974475060453 421.909076303319 20.8895705067859 11.4916948312506
612883 -84.00542 34.76412 830 429.007871507921 423.449527796766 21.0657021037595 11.688025311938
612884 -84.00542 34.76412 830 429.007871507921 423.449527796766 21.0657021037595 11.688025311938
612886 -84.00542 34.76412 830 429.007871507921 423.449527796766 21.0657021037595 11.688025311938
612889 -84.00799 34.76163 830 427.557163872817 422.028709225676 21.1923574706324 11.7932755090004
612890 -84.00542 34.76412 830 429.007871507921 423.449527796766 21.0657021037595 11.688025311938
612897 -82.13095 36.16526 1217 397.780380884796 333.673200794152 18.907072963833 9.50707331157447
612898 -82.13095 36.16526 1217 397.780380884796 333.673200794152 18.907072963833 9.50707331157447
612907 -82.33957 36.13795 863 360.786744623171 333.758691525948 20.4938038561014 10.9618901055248
612911 -82.13095 36.16526 1217 397.780380884796 333.673200794152 18.907072963833 9.50707331157447
612912 -82.12236 36.17533 1116 398.338509332151 329.131143964049 19.0054027060646 9.60540273192047
612914 -82.13095 36.16526 1217 397.780380884796 333.673200794152 18.907072963833 9.50707331157447
612915 -82.13095 36.16526 1217 397.780380884796 333.673200794152 18.907072963833 9.50707331157447
612916 -82.12236 36.17533 1116 398.338509332151 329.131143964049 19.0054027060646 9.60540273192047
612917 -82.12236 36.17533 1116 398.338509332151 329.131143964049 19.0054027060646 9.60540273192047
612918 -82.27038 36.14038 1139 381.640852734597 345.745187586173 19.0248703414296 9.53591454094927
612928 -82.33957 36.13795 863 360.786744623171 333.758691525948 20.4938038561014 10.9618901055248
612930 -82.35464 36.1379 736 363.37699302469 325.90006713796 21.250362349962 11.5787974716328
612931 -82.33957 36.13795 863 360.786744623171 333.758691525948 20.4938038561014 10.9618901055248
612932 -82.33957 36.13795 863 360.786744623171 333.758691525948 20.4938038561014 10.9618901055248
612933 -82.33957 36.13795 863 360.786744623171 333.758691525948 20.4938038561014 10.9618901055248
612939 -82.12236 36.17533 1116 398.338509332151 329.131143964049 19.0054027060646 9.60540273192047
612941 -82.33957 36.13795 863 360.786744623171 333.758691525948 20.4938038561014 10.9618901055248
613585 -88.92817 46.37789 488 259.887414659338 167.970245725914 17.4082827567855 3.90496704755995
613586 -88.92817 46.37789 488 259.887414659338 167.970245725914 17.4082827567855 3.90496704755995
613591 -88.91342 46.29309 504 267.252961942473 179.252961942473 17.5 4.09999990463257
613592 -88.95323 46.35417 505 261.491595675742 171.523978464709 17.5 4
613593 -88.95323 46.35417 505 261.491595675742 171.523978464709 17.5 4
613594 -88.94563 46.36552 514 261.612714962 172.225429923999 17.5 4
613597 -88.95335 46.35368 505 261.490782757456 171.496669479674 17.5 4
613598 -88.91712 46.37799 489 258.170704712997 166.900200832938 17.4871768760119 3.90000009536743
613606 -89.06899 45.90355 517 273.58327994286 187 17.6000003814697 3.90000009536743
613607 -89.06899 45.90355 517 273.58327994286 187 17.6000003814697 3.90000009536743
613608 -89.06899 45.90355 517 273.58327994286 187 17.6000003814697 3.90000009536743
613609 -88.861 45.929 514 272.072519505295 186.871192517979 17.6000003814697 4
613610 -88.86034 45.92878 514 272.121910411176 186.888435949161 17.6000003814697 4
613611 -88.88867 45.86375 510 270.021637515564 187.365549160758 17.6000003814697 4.09658947570872
613612 -88.88867 45.86375 510 270.021637515564 187.365549160758 17.6000003814697 4.09658947570872
613652 -77.66086 45.58094 306 248.938168672168 193.20144841852 17.50618315637 3.90618314751602
613654 -77.66086 45.58094 306 248.938168672168 193.20144841852 17.50618315637 3.90618314751602
613657 -86.9761973 48.8665693 321 239.333315927823 145.354171634625 13.8683491983869 0.667508905939206
613658 -86.9761973 48.8665693 321 239.333315927823 145.354171634625 13.8683491983869 0.667508905939206
613660 -86.9761973 48.8665693 321 239.333315927823 145.354171634625 13.8683491983869 0.667508905939206
613661 -86.9761973 48.8665693 321 239.333315927823 145.354171634625 13.8683491983869 0.667508905939206
613662 -86.9761973 48.8665693 321 239.333315927823 145.354171634625 13.8683491983869 0.667508905939206
613663 -86.9761973 48.8665693 321 239.333315927823 145.354171634625 13.8683491983869 0.667508905939206
613669 -77.6868559 45.6677817 182 241.514624481207 186.429604541583 18.0242688685177 4.42426884816258
613671 -77.6868559 45.6677817 182 241.514624481207 186.429604541583 18.0242688685177 4.42426884816258
613673 -77.6868559 45.6677817 182 241.514624481207 186.429604541583 18.0242688685177 4.42426884816258
613676 -77.53545 45.68915 203 243.243134360943 190.947391344594 18.2244583039411 4.42971884676584
613677 -77.53545 45.68915 203 243.243134360943 190.947391344594 18.2244583039411 4.42971884676584
613690 -86.9761973 48.8665693 321 239.333315927823 145.354171634625 13.8683491983869 0.667508905939206
613691 -86.9761973 48.8665693 321 239.333315927823 145.354171634625 13.8683491983869 0.667508905939206
614261 -66.854 45.794 171 279.263099390326 277.113228520085 17.2904397857044 4.09433848402747
614262 -66.919051 45.82499 138 275.386180652408 267.786265078793 17.6009022644378 4.30000019073486
614268 -66.919051 45.82499 138 275.386180652408 267.786265078793 17.6009022644378 4.30000019073486
614269 -66.919051 45.82499 138 275.386180652408 267.786265078793 17.6009022644378 4.30000019073486
614270 -66.919051 45.82499 138 275.386180652408 267.786265078793 17.6009022644378 4.30000019073486
614273 -67.18008 45.75421 194 282.051056734726 271.672953149102 17.5208946748362 4.32089474978815
614276 -66.86854 45.71443 141 274.69226210089 276.848758398913 17.3999996185303 4.23077371656888
614277 -66.86854 45.71443 141 274.69226210089 276.848758398913 17.3999996185303 4.23077371656888
614278 -66.86854 45.71443 141 274.69226210089 276.848758398913 17.3999996185303 4.23077371656888
614279 -63.2413358 44.9230007 31 288.907776202911 317.024817510432 17.3999996185303 4.50017937657128
614280 -63.2413358 44.9230007 31 288.907776202911 317.024817510432 17.3999996185303 4.50017937657128
614281 -63.2413358 44.9230007 31 288.907776202911 317.024817510432 17.3999996185303 4.50017937657128
614282 -63.2413358 44.9230007 31 288.907776202911 317.024817510432 17.3999996185303 4.50017937657128
614283 -63.3232274 44.9144398 66 290.235320975733 324.717484980072 17.2999992370605 4.37646802023614
614284 -63.3232274 44.9144398 66 290.235320975733 324.717484980072 17.2999992370605 4.37646802023614
614285 -63.3232274 44.9144398 66 290.235320975733 324.717484980072 17.2999992370605 4.37646802023614
614287 -69.4469979 45.6711541 376 316.013198930863 251.209920574162 16.4986801018787 2.19868015270933
614288 -69.4469979 45.6711541 376 316.013198930863 251.209920574162 16.4986801018787 2.19868015270933
614289 -69.332 45.617 392 324.092396300864 268.548287752558 16.2047952854999 1.86859179205511
614293 -69.332 45.617 392 324.092396300864 268.548287752558 16.2047952854999 1.86859179205511
614294 -69.5107309 45.5990454 315 305.479641891382 241.263731306597 16.7999992370605 2.70000004768372
614297 -69.332 45.617 392 324.092396300864 268.548287752558 16.2047952854999 1.86859179205511
614299 -69.4469979 45.6711541 376 316.013198930863 251.209920574162 16.4986801018787 2.19868015270933
614302 -69.54654 45.54339 348 305.672282563842 242.253330066289 16.7999992370605 2.76219275893389
614305 -69.57217 45.51109 332 306 243.375081924649 16.7556358567667 2.70217746370951
614307 -69.57217 45.51109 332 306 243.375081924649 16.7556358567667 2.70217746370951
